<?xml version="1.0" encoding="UTF-8"?>
<!DOCTYPE svg PUBLIC "-//W3C//DTD SVG 1.1//EN" "http://www.w3.org/Graphics/SVG/1.1/DTD/svg11.dtd">
<!-- Creator: CorelDRAW 2021.5 -->
<svg xmlns="http://www.w3.org/2000/svg" xml:space="preserve" width="14.9606in" height="5.51181in" version="1.1" style="shape-rendering:geometricPrecision; text-rendering:geometricPrecision; image-rendering:optimizeQuality; fill-rule:evenodd; clip-rule:evenodd"
viewBox="0 0 14960.63 5511.81"
 xmlns:xlink="http://www.w3.org/1999/xlink"
 xmlns:xodm="http://www.corel.com/coreldraw/odm/2003">
 <defs>
  <style type="text/css">
   <![CDATA[
    .str0 {stroke:white;stroke-width:3;stroke-miterlimit:2.61313}
    .fil1 {fill:white}
    .fil0 {fill:white;fill-rule:nonzero}
   ]]>
  </style>
 </defs>
 <g id="Layer_x0020_1">
  <metadata id="CorelCorpID_0Corel-Layer"/>
  <g id="_1271925660992">
   <path class="fil0" d="M3794.11 2795.48l371.69 -850.26 281.8 0 371.69 850.26 -296.38 0 -274.52 -714.22 111.75 0 -274.52 714.22 -291.52 0zm221.07 -148.19l72.88 -206.49 391.12 0 72.88 206.49 -536.88 0z"/>
   <path id="_1" class="fil0" d="M4821.86 2795.48l0 -850.26 409.34 0c79.36,0 147.98,12.95 205.89,38.87 57.9,25.91 102.64,62.96 134.22,111.14 31.58,48.19 47.37,105.07 47.37,170.66 0,65.59 -15.79,122.28 -47.37,170.06 -31.58,47.78 -76.32,84.82 -134.22,111.14 -57.9,26.31 -126.53,39.48 -205.89,39.48l-250.22 0 127.54 -122.68 0 331.6 -286.66 0zm286.66 -300.02l-127.54 -129.97 232 0c39.68,0 69.03,-8.91 88.06,-26.72 19.03,-17.81 28.54,-42.11 28.54,-72.88 0,-30.77 -9.51,-55.06 -28.54,-72.88 -19.03,-17.81 -48.39,-26.72 -88.06,-26.72l-232 0 127.54 -129.97 0 459.14z"/>
   <polygon id="_2" class="fil0" points="5668.62,2795.48 5668.62,1945.21 5955.28,1945.21 5955.28,2573.19 6339.12,2573.19 6339.12,2795.48 "/>
   <polygon id="_3" class="fil0" points="6374.48,2795.48 6374.48,1945.21 6661.15,1945.21 6661.15,2795.48 "/>
   <path id="_4" class="fil0" d="M7012.33 2613.28l-15.79 -314.6 320.67 -353.46 312.17 0 -359.54 395.98 -159.12 162.76 -98.39 109.32zm-256.3 182.2l0 -850.26 281.8 0 0 850.26 -281.8 0zm558.74 0l-250.22 -330.39 185.85 -196.78 395.98 527.17 -331.61 0z"/>
   <path id="_5" class="fil0" d="M7506.83 2795.48l371.69 -850.26 281.8 0 371.69 850.26 -296.38 0 -274.52 -714.22 111.75 0 -274.52 714.22 -291.52 0zm221.07 -148.19l72.88 -206.49 391.12 0 72.88 206.49 -536.88 0z"/>
   <path id="_6" class="fil0" d="M8851.61 2814.91c-71.26,0 -140.09,-8.09 -206.49,-24.29 -66.4,-16.2 -121.06,-37.25 -163.98,-63.16l92.31 -208.93c40.49,23.48 85.63,42.31 135.43,56.48 49.8,14.17 98.19,21.26 145.15,21.26 27.53,0 49.19,-1.82 64.98,-5.46 15.79,-3.65 27.33,-8.91 34.62,-15.79 7.29,-6.89 10.93,-15.19 10.93,-24.9 0,-15.39 -8.5,-27.53 -25.51,-36.44 -17.01,-8.91 -39.48,-16.4 -67.41,-22.47 -27.94,-6.07 -58.51,-12.55 -91.71,-19.43 -33.2,-6.88 -66.6,-15.99 -100.21,-27.33 -33.61,-11.33 -64.38,-26.31 -92.31,-44.94 -27.94,-18.63 -50.41,-43.12 -67.41,-73.49 -17.01,-30.37 -25.51,-68.22 -25.51,-113.57 0,-52.63 14.78,-100.61 44.33,-143.94 29.56,-43.32 73.69,-77.94 132.4,-103.85 58.71,-25.91 131.79,-38.87 219.25,-38.87 57.49,0 114.18,6.07 170.05,18.22 55.87,12.15 106.08,30.77 150.62,55.87l-86.24 207.71c-42.11,-21.06 -82.8,-36.85 -122.07,-47.37 -39.27,-10.52 -77.54,-15.79 -114.78,-15.79 -27.54,0 -49.4,2.43 -65.59,7.29 -16.19,4.86 -27.73,11.33 -34.62,19.43 -6.88,8.1 -10.32,17.01 -10.32,26.72 0,14.57 8.5,26.11 25.51,34.62 17,8.5 39.48,15.59 67.41,21.26 27.94,5.67 58.71,11.74 92.31,18.22 33.61,6.48 67.01,15.39 100.21,26.72 33.2,11.34 63.77,26.32 91.71,44.94 27.94,18.62 50.41,42.92 67.41,72.88 17,29.96 25.51,67.21 25.51,111.75 0,51.82 -14.78,99.4 -44.33,142.72 -29.56,43.32 -73.49,78.15 -131.79,104.46 -58.3,26.32 -131.59,39.48 -219.85,39.48z"/>
   <polygon id="_7" class="fil0" points="9289.03,2795.48 9289.03,1945.21 9575.69,1945.21 9575.69,2795.48 "/>
   <polygon id="_8" class="fil0" points="10034.98,2795.48 10034.98,1945.21 10321.64,1945.21 10321.64,2573.19 10705.47,2573.19 10705.47,2795.48 "/>
   <path id="_9" class="fil0" d="M10660.67 2795.48l371.69 -850.26 281.8 0 371.69 850.26 -296.38 0 -274.52 -714.22 111.75 0 -274.52 714.22 -291.52 0zm221.07 -148.19l72.88 -206.49 391.12 0 72.88 206.49 -536.88 0z"/>
   <path id="_10" class="fil0" d="M12115.98 2814.91c-68.02,0 -130.98,-10.73 -188.88,-32.19 -57.9,-21.46 -108.1,-52.03 -150.62,-91.7 -42.51,-39.68 -75.51,-86.65 -99,-140.9 -23.48,-54.26 -35.22,-114.18 -35.22,-179.77 0,-65.59 11.74,-125.52 35.22,-179.77 23.48,-54.26 56.48,-101.22 99,-140.9 42.52,-39.68 92.72,-70.25 150.62,-91.71 57.9,-21.46 120.86,-32.19 188.88,-32.19 83.41,0 157.3,14.57 221.68,43.73 64.38,29.15 117.62,71.26 159.73,126.33l-180.98 161.55c-25.11,-31.58 -52.84,-56.07 -83.2,-73.48 -30.37,-17.41 -64.58,-26.12 -102.64,-26.12 -29.96,0 -57.09,4.86 -81.38,14.58 -24.29,9.72 -45.15,23.89 -62.56,42.51 -17.41,18.63 -30.97,41.09 -40.69,67.41 -9.72,26.32 -14.57,55.67 -14.57,88.06 0,32.39 4.86,61.75 14.57,88.06 9.72,26.32 23.28,48.79 40.69,67.41 17.41,18.63 38.26,32.8 62.56,42.52 24.3,9.72 51.42,14.57 81.38,14.57 38.06,0 72.28,-8.7 102.64,-26.11 30.37,-17.41 58.1,-41.91 83.2,-73.49l180.98 161.55c-42.11,54.26 -95.35,96.16 -159.73,125.72 -64.38,29.56 -138.27,44.33 -221.68,44.33z"/>
   <path id="_11" class="fil0" d="M12431.93 2795.48l371.69 -850.26 281.8 0 371.69 850.26 -296.38 0 -274.52 -714.22 111.75 0 -274.52 714.22 -291.52 0zm221.07 -148.19l72.88 -206.49 391.12 0 72.88 206.49 -536.88 0z"/>
   <path id="_12" class="fil0" d="M13715.98 2613.28l-15.79 -314.6 320.67 -353.46 312.17 0 -359.54 395.98 -159.12 162.76 -98.39 109.32zm-256.3 182.2l0 -850.26 281.8 0 0 850.26 -281.8 0zm558.74 0l-250.22 -330.39 185.85 -196.78 395.98 527.17 -331.61 0z"/>
   <path class="fil0 str0" d="M4065.9 3496.25c-41,0 -73.33,-11.99 -96.99,-35.96 -23.65,-23.97 -35.48,-59.61 -35.48,-106.93l0 -190.67 24.13 0 0 189.72c0,41.32 9.46,71.91 28.39,91.79 18.93,19.87 45.74,29.81 80.43,29.81 34.38,0 61.04,-9.94 79.96,-29.81 18.93,-19.87 28.39,-50.47 28.39,-91.79l0 -189.72 24.13 0 0 190.67c0,47.31 -11.83,82.96 -35.48,106.93 -23.66,23.97 -56.15,35.96 -97.46,35.96z"/>
   <path id="_1_0" class="fil0 str0" d="M4461.96 3245.02c20.19,0 37.77,3.87 52.75,11.59 14.98,7.73 26.65,19.4 35.01,35.01 8.36,15.61 12.54,34.93 12.54,57.96l0 144.3 -23.66 0 0 -142.41c0,-27.76 -7.02,-48.89 -21.06,-63.4 -14.04,-14.51 -33.67,-21.76 -58.9,-21.76 -19.24,0 -35.96,3.94 -50.15,11.83 -14.19,7.89 -25,18.93 -32.41,33.12 -7.41,14.19 -11.12,31.22 -11.12,51.1l0 131.53 -23.66 0 0 -246.97 22.71 0 0 68.6 -3.31 -7.57c7.57,-19.56 20.03,-34.93 37.37,-46.13 17.35,-11.2 38.64,-16.8 63.87,-16.8z"/>
   <path id="_2_1" class="fil0 str0" d="M4697.16 3493.88l0 -246.97 23.19 0 0.47 246.97 -23.66 0zm11.83 -307.06c-5.36,0 -9.94,-1.89 -13.72,-5.68 -3.79,-3.78 -5.68,-8.2 -5.68,-13.25 0,-5.36 1.89,-9.94 5.68,-13.72 3.78,-3.78 8.36,-5.68 13.72,-5.68 5.68,0 10.33,1.81 13.96,5.44 3.63,3.63 5.44,8.12 5.44,13.48 0,5.36 -1.81,9.94 -5.44,13.72 -3.63,3.78 -8.28,5.68 -13.96,5.68z"/>
   <polygon id="_3_2" class="fil0 str0" points="4920.53,3493.88 4809.35,3246.91 4834.42,3246.91 4938.51,3480.63 4927.15,3480.63 5032.19,3246.91 5056.31,3246.91 4944.66,3493.88 "/>
   <path id="_4_3" class="fil0 str0" d="M5238.52 3495.78c-24.92,0 -46.92,-5.36 -66,-16.09 -19.08,-10.72 -34.06,-25.55 -44.94,-44.48 -10.88,-18.93 -16.32,-40.53 -16.32,-64.81 0,-24.6 5.12,-46.29 15.37,-65.06 10.25,-18.77 24.37,-33.52 42.35,-44.24 17.98,-10.72 38.17,-16.09 60.56,-16.09 22.39,0 42.5,5.2 60.32,15.61 17.82,10.41 31.86,25 42.11,43.76 10.25,18.77 15.37,40.45 15.37,65.06 0,0.95 -0.08,1.97 -0.24,3.07 -0.16,1.11 -0.24,2.29 -0.24,3.55l-218.11 0 0 -18.45 205.33 0 -9.46 8.99c0.31,-19.24 -3.7,-36.51 -12.06,-51.81 -8.36,-15.3 -19.64,-27.28 -33.83,-35.96 -14.19,-8.67 -30.59,-13.01 -49.2,-13.01 -18.3,0 -34.62,4.34 -48.97,13.01 -14.35,8.67 -25.63,20.66 -33.83,35.96 -8.2,15.3 -12.3,32.72 -12.3,52.28l0 4.26c0,20.19 4.5,38.09 13.48,53.7 8.99,15.61 21.37,27.76 37.14,36.43 15.77,8.67 33.75,13.01 53.94,13.01 15.77,0 30.52,-2.84 44.24,-8.52 13.72,-5.68 25.31,-14.35 34.78,-26.02l13.72 15.61c-10.72,13.25 -24.21,23.26 -40.45,30.04 -16.24,6.78 -33.83,10.17 -52.76,10.17z"/>
   <path id="_5_4" class="fil0 str0" d="M5458.11 3493.88l0 -246.97 22.71 0 0 67.66 -2.37 -7.57c6.94,-19.87 18.61,-35.17 35.01,-45.89 16.4,-10.72 36.9,-16.09 61.5,-16.09l0 23.19c-0.94,0 -1.89,-0.08 -2.84,-0.24 -0.94,-0.16 -1.89,-0.24 -2.84,-0.24 -27.44,0 -48.89,8.59 -64.34,25.78 -15.46,17.19 -23.19,41.08 -23.19,71.68l0 128.69 -23.66 0z"/>
   <path id="_6_5" class="fil0 str0" d="M5742.99 3495.78c-20.5,0 -39.66,-3 -57.48,-8.99 -17.82,-5.99 -31.62,-13.56 -41.4,-22.71l10.88 -18.93c9.46,8.2 22.08,15.22 37.85,21.06 15.77,5.83 32.8,8.75 51.1,8.75 25.86,0 44.47,-4.26 55.83,-12.78 11.35,-8.52 17.04,-19.71 17.04,-33.59 0,-10.09 -2.92,-18.06 -8.76,-23.89 -5.83,-5.83 -13.64,-10.33 -23.42,-13.48 -9.78,-3.15 -20.5,-5.76 -32.17,-7.81 -11.67,-2.05 -23.34,-4.33 -35.01,-6.86 -11.67,-2.52 -22.39,-6.15 -32.17,-10.88 -9.78,-4.73 -17.58,-11.28 -23.42,-19.63 -5.84,-8.36 -8.76,-19.48 -8.76,-33.36 0,-12.61 3.47,-23.97 10.41,-34.06 6.94,-10.09 17.35,-18.22 31.23,-24.37 13.88,-6.15 31.22,-9.23 52.04,-9.23 15.45,0 30.99,2.21 46.6,6.63 15.61,4.42 28.31,10.25 38.09,17.5l-10.88 18.93c-10.41,-7.89 -22.08,-13.56 -35.01,-17.03 -12.93,-3.47 -26.02,-5.2 -39.27,-5.2 -23.97,0 -41.56,4.42 -52.76,13.25 -11.2,8.83 -16.8,19.87 -16.8,33.12 0,10.41 2.92,18.69 8.75,24.84 5.83,6.15 13.64,10.88 23.42,14.2 9.78,3.31 20.5,5.99 32.17,8.04 11.67,2.05 23.34,4.34 35.01,6.86 11.67,2.52 22.39,6.07 32.17,10.65 9.78,4.57 17.59,10.88 23.42,18.93 5.83,8.04 8.75,18.85 8.75,32.41 0,13.56 -3.7,25.39 -11.12,35.48 -7.41,10.09 -18.37,17.98 -32.88,23.66 -14.51,5.68 -32.33,8.52 -53.46,8.52z"/>
   <path id="_7_6" class="fil0 str0" d="M5944.12 3493.88l0 -246.97 23.19 0 0.47 246.97 -23.66 0zm11.83 -307.06c-5.36,0 -9.94,-1.89 -13.72,-5.68 -3.79,-3.78 -5.68,-8.2 -5.68,-13.25 0,-5.36 1.89,-9.94 5.68,-13.72 3.78,-3.78 8.36,-5.68 13.72,-5.68 5.68,0 10.33,1.81 13.96,5.44 3.63,3.63 5.44,8.12 5.44,13.48 0,5.36 -1.81,9.94 -5.44,13.72 -3.63,3.78 -8.28,5.68 -13.96,5.68z"/>
   <path id="_8_7" class="fil0 str0" d="M6176.96 3495.78c-21.76,0 -38.4,-6 -49.91,-17.98 -11.52,-11.98 -17.27,-28.39 -17.27,-49.2l0 -235.62 23.66 0 0 233.25c0,15.77 3.94,27.91 11.83,36.43 7.89,8.52 19.24,12.77 34.07,12.77 15.45,0 28.23,-4.57 38.32,-13.72l9.94 16.56c-6.31,5.99 -13.96,10.41 -22.95,13.25 -8.99,2.84 -18.22,4.26 -27.68,4.26zm-112.61 -228.52l0 -20.35 147.62 0 0 20.35 -147.62 0z"/>
   <path id="_9_8" class="fil0 str0" d="M6486.44 3493.88l0 -56.3 -0.95 -8.52 0 -92.73c0,-23.02 -6.23,-40.53 -18.69,-52.52 -12.46,-11.99 -30.67,-17.98 -54.65,-17.98 -17.03,0 -32.88,2.92 -47.55,8.75 -14.67,5.83 -27.2,13.33 -37.61,22.48l-11.83 -17.04c12.3,-11.04 27.13,-19.63 44.47,-25.78 17.35,-6.15 35.48,-9.23 54.41,-9.23 30.59,0 54.09,7.73 70.5,23.19 16.4,15.46 24.6,38.48 24.6,69.07l0 156.61 -22.71 0zm-88.95 1.89c-18.3,0 -34.15,-2.92 -47.55,-8.76 -13.4,-5.83 -23.65,-14.11 -30.75,-24.84 -7.09,-10.72 -10.65,-23.02 -10.65,-36.9 0,-12.62 2.92,-24.05 8.75,-34.3 5.84,-10.25 15.54,-18.61 29.1,-25.07 13.56,-6.46 31.7,-9.7 54.41,-9.7l90.84 0 0 18.45 -90.37 0c-25.55,0 -43.45,4.73 -53.7,14.19 -10.25,9.46 -15.38,21.29 -15.38,35.48 0,15.77 5.99,28.39 17.98,37.85 11.98,9.46 28.86,14.2 50.62,14.2 20.82,0 38.4,-4.73 52.76,-14.2 14.35,-9.46 25,-23.18 31.93,-41.16l6.63 16.09c-6.63,17.98 -17.9,32.25 -33.83,42.82 -15.93,10.57 -36.19,15.85 -60.8,15.85z"/>
   <path id="_10_9" class="fil0 str0" d="M6706.49 3495.78c-20.5,0 -39.66,-3 -57.48,-8.99 -17.82,-5.99 -31.62,-13.56 -41.4,-22.71l10.88 -18.93c9.46,8.2 22.08,15.22 37.85,21.06 15.77,5.83 32.8,8.75 51.1,8.75 25.86,0 44.47,-4.26 55.83,-12.78 11.35,-8.52 17.04,-19.71 17.04,-33.59 0,-10.09 -2.92,-18.06 -8.76,-23.89 -5.83,-5.83 -13.64,-10.33 -23.42,-13.48 -9.78,-3.15 -20.5,-5.76 -32.17,-7.81 -11.67,-2.05 -23.34,-4.33 -35.01,-6.86 -11.67,-2.52 -22.39,-6.15 -32.17,-10.88 -9.78,-4.73 -17.58,-11.28 -23.42,-19.63 -5.84,-8.36 -8.76,-19.48 -8.76,-33.36 0,-12.61 3.47,-23.97 10.41,-34.06 6.94,-10.09 17.35,-18.22 31.23,-24.37 13.88,-6.15 31.22,-9.23 52.04,-9.23 15.45,0 30.99,2.21 46.6,6.63 15.61,4.42 28.31,10.25 38.09,17.5l-10.88 18.93c-10.41,-7.89 -22.08,-13.56 -35.01,-17.03 -12.93,-3.47 -26.02,-5.2 -39.27,-5.2 -23.97,0 -41.56,4.42 -52.76,13.25 -11.2,8.83 -16.8,19.87 -16.8,33.12 0,10.41 2.92,18.69 8.75,24.84 5.83,6.15 13.64,10.88 23.42,14.2 9.78,3.31 20.5,5.99 32.17,8.04 11.67,2.05 23.34,4.34 35.01,6.86 11.67,2.52 22.39,6.07 32.17,10.65 9.78,4.57 17.59,10.88 23.42,18.93 5.83,8.04 8.75,18.85 8.75,32.41 0,13.56 -3.7,25.39 -11.12,35.48 -7.41,10.09 -18.37,17.98 -32.88,23.66 -14.51,5.68 -32.33,8.52 -53.46,8.52z"/>
   <polygon id="_11_10" class="fil0 str0" points="7036.79,3493.88 7036.79,3162.69 7057.14,3162.69 7293.23,3464.07 7282.35,3464.07 7282.35,3162.69 7306.47,3162.69 7306.47,3493.88 7286.6,3493.88 7050.04,3192.5 7060.92,3192.5 7060.92,3493.88 "/>
   <path id="_12_11" class="fil0 str0" d="M7552.08 3495.78c-24.92,0 -46.92,-5.36 -66,-16.09 -19.08,-10.72 -34.06,-25.55 -44.94,-44.48 -10.88,-18.93 -16.32,-40.53 -16.32,-64.81 0,-24.6 5.12,-46.29 15.37,-65.06 10.25,-18.77 24.37,-33.52 42.35,-44.24 17.98,-10.72 38.17,-16.09 60.56,-16.09 22.39,0 42.5,5.2 60.32,15.61 17.82,10.41 31.86,25 42.11,43.76 10.25,18.77 15.37,40.45 15.37,65.06 0,0.95 -0.08,1.97 -0.24,3.07 -0.16,1.11 -0.24,2.29 -0.24,3.55l-218.11 0 0 -18.45 205.33 0 -9.46 8.99c0.31,-19.24 -3.7,-36.51 -12.06,-51.81 -8.36,-15.3 -19.64,-27.28 -33.83,-35.96 -14.19,-8.67 -30.59,-13.01 -49.2,-13.01 -18.3,0 -34.62,4.34 -48.97,13.01 -14.35,8.67 -25.63,20.66 -33.83,35.96 -8.2,15.3 -12.3,32.72 -12.3,52.28l0 4.26c0,20.19 4.5,38.09 13.48,53.7 8.99,15.61 21.37,27.76 37.14,36.43 15.77,8.67 33.75,13.01 53.94,13.01 15.77,0 30.52,-2.84 44.24,-8.52 13.72,-5.68 25.31,-14.35 34.78,-26.02l13.72 15.61c-10.72,13.25 -24.21,23.26 -40.45,30.04 -16.24,6.78 -33.83,10.17 -52.76,10.17z"/>
   <path id="_13" class="fil0 str0" d="M7874.34 3587.56c-22.39,0 -43.69,-3.47 -63.87,-10.41 -20.19,-6.94 -36.59,-16.56 -49.2,-28.86l12.77 -17.98c12.3,11.36 27.05,20.19 44.24,26.5 17.19,6.31 35.72,9.46 55.59,9.46 33.12,0 57.48,-7.73 73.1,-23.19 15.61,-15.46 23.42,-39.74 23.42,-72.86l0 -68.6 4.73 -36.91 -3.78 -36.9 0 -80.91 22.71 0 0 220.48c0,41.32 -10.01,71.68 -30.04,91.08 -20.03,19.4 -49.91,29.09 -89.66,29.09zm-6.62 -102.67c-23.34,0 -44.24,-5.13 -62.69,-15.38 -18.45,-10.25 -33.12,-24.44 -44,-42.58 -10.88,-18.13 -16.32,-38.87 -16.32,-62.22 0,-23.65 5.44,-44.47 16.32,-62.45 10.88,-17.98 25.55,-32.02 44,-42.11 18.45,-10.09 39.35,-15.14 62.69,-15.14 22.39,0 42.5,4.81 60.32,14.43 17.82,9.62 31.94,23.34 42.35,41.16 10.41,17.82 15.61,39.19 15.61,64.11 0,24.61 -5.2,45.89 -15.61,63.87 -10.41,17.98 -24.52,31.86 -42.35,41.63 -17.82,9.78 -37.93,14.67 -60.32,14.67zm1.89 -21.29c19.87,0 37.38,-4.18 52.52,-12.54 15.14,-8.36 27.05,-20.03 35.72,-35.01 8.67,-14.98 13.01,-32.09 13.01,-51.33 0,-19.56 -4.34,-36.74 -13.01,-51.57 -8.67,-14.83 -20.58,-26.34 -35.72,-34.54 -15.14,-8.2 -32.65,-12.3 -52.52,-12.3 -19.24,0 -36.51,4.1 -51.81,12.3 -15.3,8.2 -27.28,19.71 -35.96,34.54 -8.67,14.82 -13.01,32.01 -13.01,51.57 0,19.24 4.34,36.35 13.01,51.33 8.67,14.98 20.66,26.65 35.96,35.01 15.3,8.36 32.57,12.54 51.81,12.54z"/>
   <path id="_14" class="fil0 str0" d="M8232.08 3495.78c-24.92,0 -46.92,-5.36 -66,-16.09 -19.08,-10.72 -34.06,-25.55 -44.94,-44.48 -10.88,-18.93 -16.32,-40.53 -16.32,-64.81 0,-24.6 5.12,-46.29 15.37,-65.06 10.25,-18.77 24.37,-33.52 42.35,-44.24 17.98,-10.72 38.17,-16.09 60.56,-16.09 22.39,0 42.5,5.2 60.32,15.61 17.82,10.41 31.86,25 42.11,43.76 10.25,18.77 15.37,40.45 15.37,65.06 0,0.95 -0.08,1.97 -0.24,3.07 -0.16,1.11 -0.24,2.29 -0.24,3.55l-218.11 0 0 -18.45 205.33 0 -9.46 8.99c0.31,-19.24 -3.7,-36.51 -12.06,-51.81 -8.36,-15.3 -19.64,-27.28 -33.83,-35.96 -14.19,-8.67 -30.59,-13.01 -49.2,-13.01 -18.3,0 -34.62,4.34 -48.97,13.01 -14.35,8.67 -25.63,20.66 -33.83,35.96 -8.2,15.3 -12.3,32.72 -12.3,52.28l0 4.26c0,20.19 4.5,38.09 13.48,53.7 8.99,15.61 21.37,27.76 37.14,36.43 15.77,8.67 33.75,13.01 53.94,13.01 15.77,0 30.52,-2.84 44.24,-8.52 13.72,-5.68 25.31,-14.35 34.78,-26.02l13.72 15.61c-10.72,13.25 -24.21,23.26 -40.45,30.04 -16.24,6.78 -33.83,10.17 -52.76,10.17z"/>
   <path id="_15" class="fil0 str0" d="M8451.67 3493.88l0 -246.97 22.71 0 0 67.66 -2.37 -7.57c6.94,-19.87 18.61,-35.17 35.01,-45.89 16.4,-10.72 36.9,-16.09 61.5,-16.09l0 23.19c-0.94,0 -1.89,-0.08 -2.84,-0.24 -0.94,-0.16 -1.89,-0.24 -2.84,-0.24 -27.44,0 -48.89,8.59 -64.34,25.78 -15.46,17.19 -23.19,41.08 -23.19,71.68l0 128.69 -23.66 0z"/>
   <path id="_16" class="fil0 str0" d="M8671.25 3493.88l0 -246.97 23.19 0 0.47 246.97 -23.66 0zm11.83 -307.06c-5.36,0 -9.94,-1.89 -13.72,-5.68 -3.79,-3.78 -5.68,-8.2 -5.68,-13.25 0,-5.36 1.89,-9.94 5.68,-13.72 3.78,-3.78 8.36,-5.68 13.72,-5.68 5.68,0 10.33,1.81 13.96,5.44 3.63,3.63 5.44,8.12 5.44,13.48 0,5.36 -1.81,9.94 -5.44,13.72 -3.63,3.78 -8.28,5.68 -13.96,5.68z"/>
   <polygon id="_17" class="fil0 str0" points="9039.4,3493.88 9039.4,3373.71 9045.08,3389.32 8905.98,3162.69 8932.48,3162.69 9058.8,3368.5 9045.55,3368.5 9171.88,3162.69 9196.95,3162.69 9057.85,3389.32 9063.53,3373.71 9063.53,3493.88 "/>
   <path id="_18" class="fil0 str0" d="M9355.03 3495.78c-23.66,0 -44.71,-5.36 -63.16,-16.09 -18.45,-10.72 -33.04,-25.55 -43.76,-44.48 -10.72,-18.93 -16.09,-40.53 -16.09,-64.81 -0.31,-24.6 4.97,-46.29 15.85,-65.06 10.88,-18.77 25.55,-33.52 44,-44.24 18.45,-10.72 39.5,-16.09 63.16,-16.09 23.66,0 44.79,5.36 63.4,16.09 18.61,10.72 33.2,25.47 43.76,44.24 10.57,18.77 15.85,40.45 15.85,65.06 0.31,24.29 -4.89,45.89 -15.61,64.81 -10.72,18.93 -25.47,33.75 -44.24,44.48 -18.77,10.72 -39.82,16.09 -63.16,16.09zm0 -21.29c18.93,0 35.96,-4.34 51.1,-13.01 15.14,-8.67 26.97,-20.9 35.48,-36.67 8.52,-15.77 12.93,-33.91 13.25,-54.41 -0.31,-20.82 -4.73,-39.04 -13.25,-54.65 -8.52,-15.61 -20.35,-27.76 -35.48,-36.43 -15.14,-8.67 -32.17,-13.17 -51.1,-13.48 -18.93,0.31 -35.88,4.81 -50.86,13.48 -14.98,8.67 -26.81,20.82 -35.48,36.43 -8.67,15.61 -13.17,33.83 -13.48,54.65 0.31,20.5 4.81,38.64 13.48,54.41 8.67,15.77 20.43,28.07 35.25,36.9 14.83,8.83 31.86,13.09 51.1,12.78z"/>
   <path id="_19" class="fil0 str0" d="M9691.95 3587.56c-22.39,0 -43.69,-3.47 -63.87,-10.41 -20.19,-6.94 -36.59,-16.56 -49.2,-28.86l12.77 -17.98c12.3,11.36 27.05,20.19 44.24,26.5 17.19,6.31 35.72,9.46 55.59,9.46 33.12,0 57.48,-7.73 73.1,-23.19 15.61,-15.46 23.42,-39.74 23.42,-72.86l0 -68.6 4.73 -36.91 -3.78 -36.9 0 -80.91 22.71 0 0 220.48c0,41.32 -10.01,71.68 -30.04,91.08 -20.03,19.4 -49.91,29.09 -89.66,29.09zm-6.62 -102.67c-23.34,0 -44.24,-5.13 -62.69,-15.38 -18.45,-10.25 -33.12,-24.44 -44,-42.58 -10.88,-18.13 -16.32,-38.87 -16.32,-62.22 0,-23.65 5.44,-44.47 16.32,-62.45 10.88,-17.98 25.55,-32.02 44,-42.11 18.45,-10.09 39.35,-15.14 62.69,-15.14 22.39,0 42.5,4.81 60.32,14.43 17.82,9.62 31.94,23.34 42.35,41.16 10.41,17.82 15.61,39.19 15.61,64.11 0,24.61 -5.2,45.89 -15.61,63.87 -10.41,17.98 -24.52,31.86 -42.35,41.63 -17.82,9.78 -37.93,14.67 -60.32,14.67zm1.89 -21.29c19.87,0 37.38,-4.18 52.52,-12.54 15.14,-8.36 27.05,-20.03 35.72,-35.01 8.67,-14.98 13.01,-32.09 13.01,-51.33 0,-19.56 -4.34,-36.74 -13.01,-51.57 -8.67,-14.83 -20.58,-26.34 -35.72,-34.54 -15.14,-8.2 -32.65,-12.3 -52.52,-12.3 -19.24,0 -36.51,4.1 -51.81,12.3 -15.3,8.2 -27.28,19.71 -35.96,34.54 -8.67,14.82 -13.01,32.01 -13.01,51.57 0,19.24 4.34,36.35 13.01,51.33 8.67,14.98 20.66,26.65 35.96,35.01 15.3,8.36 32.57,12.54 51.81,12.54z"/>
   <path id="_20" class="fil0 str0" d="M9943.71 3587.56c-11.35,0 -22,-1.89 -31.93,-5.68 -9.94,-3.78 -18.37,-9.3 -25.31,-16.56l11.83 -17.98c6.31,6.62 13.17,11.51 20.58,14.67 7.41,3.15 15.85,4.73 25.31,4.73 11.35,0 21.37,-3.15 30.04,-9.46 8.67,-6.31 16.8,-17.82 24.37,-34.54l17.03 -37.85 3.31 -4.26 104.56 -233.72 24.13 0 -126.8 280.56c-6.63,15.14 -13.8,27.05 -21.53,35.72 -7.73,8.68 -16.17,14.91 -25.31,18.69 -9.15,3.79 -19.24,5.68 -30.28,5.68zm71.44 -87.53l-114.5 -253.12 25.07 0 104.09 232.31 -14.67 20.81z"/>
   <path id="_21" class="fil0 str0" d="M10384.72 3493.88l0 -56.3 -0.95 -8.52 0 -92.73c0,-23.02 -6.23,-40.53 -18.69,-52.52 -12.46,-11.99 -30.67,-17.98 -54.65,-17.98 -17.03,0 -32.88,2.92 -47.55,8.75 -14.67,5.83 -27.2,13.33 -37.61,22.48l-11.83 -17.04c12.3,-11.04 27.13,-19.63 44.47,-25.78 17.35,-6.15 35.48,-9.23 54.41,-9.23 30.59,0 54.09,7.73 70.5,23.19 16.4,15.46 24.6,38.48 24.6,69.07l0 156.61 -22.71 0zm-88.95 1.89c-18.3,0 -34.15,-2.92 -47.55,-8.76 -13.4,-5.83 -23.65,-14.11 -30.75,-24.84 -7.09,-10.72 -10.65,-23.02 -10.65,-36.9 0,-12.62 2.92,-24.05 8.75,-34.3 5.84,-10.25 15.54,-18.61 29.1,-25.07 13.56,-6.46 31.7,-9.7 54.41,-9.7l90.84 0 0 18.45 -90.37 0c-25.55,0 -43.45,4.73 -53.7,14.19 -10.25,9.46 -15.38,21.29 -15.38,35.48 0,15.77 5.99,28.39 17.98,37.85 11.98,9.46 28.86,14.2 50.62,14.2 20.82,0 38.4,-4.73 52.76,-14.2 14.35,-9.46 25,-23.18 31.93,-41.16l6.63 16.09c-6.63,17.98 -17.9,32.25 -33.83,42.82 -15.93,10.57 -36.19,15.85 -60.8,15.85z"/>
   <path id="_22" class="fil0 str0" d="M10560.31 3425.75l0.47 -29.81 163.23 -149.04 30.28 0 -108.34 101.72 -14.2 11.83 -71.44 65.29zm-17.98 68.13l0 -351.06 23.66 0 0 351.06 -23.66 0zm193.04 0l-107.87 -135.31 16.09 -17.5 121.12 152.82 -29.33 0z"/>
   <path id="_23" class="fil0 str0" d="M11008.89 3493.88l0 -56.3 -0.95 -8.52 0 -92.73c0,-23.02 -6.23,-40.53 -18.69,-52.52 -12.46,-11.99 -30.67,-17.98 -54.65,-17.98 -17.03,0 -32.88,2.92 -47.55,8.75 -14.67,5.83 -27.2,13.33 -37.61,22.48l-11.83 -17.04c12.3,-11.04 27.13,-19.63 44.47,-25.78 17.35,-6.15 35.48,-9.23 54.41,-9.23 30.59,0 54.09,7.73 70.5,23.19 16.4,15.46 24.6,38.48 24.6,69.07l0 156.61 -22.71 0zm-88.95 1.89c-18.3,0 -34.15,-2.92 -47.55,-8.76 -13.4,-5.83 -23.65,-14.11 -30.75,-24.84 -7.09,-10.72 -10.65,-23.02 -10.65,-36.9 0,-12.62 2.92,-24.05 8.75,-34.3 5.84,-10.25 15.54,-18.61 29.1,-25.07 13.56,-6.46 31.7,-9.7 54.41,-9.7l90.84 0 0 18.45 -90.37 0c-25.55,0 -43.45,4.73 -53.7,14.19 -10.25,9.46 -15.38,21.29 -15.38,35.48 0,15.77 5.99,28.39 17.98,37.85 11.98,9.46 28.86,14.2 50.62,14.2 20.82,0 38.4,-4.73 52.76,-14.2 14.35,-9.46 25,-23.18 31.93,-41.16l6.63 16.09c-6.63,17.98 -17.9,32.25 -33.83,42.82 -15.93,10.57 -36.19,15.85 -60.8,15.85z"/>
   <path id="_24" class="fil0 str0" d="M11166.49 3493.88l0 -246.97 22.71 0 0 67.66 -2.37 -7.57c6.94,-19.87 18.61,-35.17 35.01,-45.89 16.4,-10.72 36.9,-16.09 61.5,-16.09l0 23.19c-0.94,0 -1.89,-0.08 -2.84,-0.24 -0.94,-0.16 -1.89,-0.24 -2.84,-0.24 -27.44,0 -48.89,8.59 -64.34,25.78 -15.46,17.19 -23.19,41.08 -23.19,71.68l0 128.69 -23.66 0z"/>
   <path id="_25" class="fil0 str0" d="M11469.35 3495.78c-21.76,0 -38.4,-6 -49.91,-17.98 -11.52,-11.98 -17.27,-28.39 -17.27,-49.2l0 -235.62 23.66 0 0 233.25c0,15.77 3.94,27.91 11.83,36.43 7.89,8.52 19.24,12.77 34.07,12.77 15.45,0 28.23,-4.57 38.32,-13.72l9.94 16.56c-6.31,5.99 -13.96,10.41 -22.95,13.25 -8.99,2.84 -18.22,4.26 -27.68,4.26zm-112.61 -228.52l0 -20.35 147.62 0 0 20.35 -147.62 0z"/>
   <path id="_26" class="fil0 str0" d="M11778.83 3493.88l0 -56.3 -0.95 -8.52 0 -92.73c0,-23.02 -6.23,-40.53 -18.69,-52.52 -12.46,-11.99 -30.67,-17.98 -54.65,-17.98 -17.03,0 -32.88,2.92 -47.55,8.75 -14.67,5.83 -27.2,13.33 -37.61,22.48l-11.83 -17.04c12.3,-11.04 27.13,-19.63 44.47,-25.78 17.35,-6.15 35.48,-9.23 54.41,-9.23 30.59,0 54.09,7.73 70.5,23.19 16.4,15.46 24.6,38.48 24.6,69.07l0 156.61 -22.71 0zm-88.95 1.89c-18.3,0 -34.15,-2.92 -47.55,-8.76 -13.4,-5.83 -23.65,-14.11 -30.75,-24.84 -7.09,-10.72 -10.65,-23.02 -10.65,-36.9 0,-12.62 2.92,-24.05 8.75,-34.3 5.84,-10.25 15.54,-18.61 29.1,-25.07 13.56,-6.46 31.7,-9.7 54.41,-9.7l90.84 0 0 18.45 -90.37 0c-25.55,0 -43.45,4.73 -53.7,14.19 -10.25,9.46 -15.38,21.29 -15.38,35.48 0,15.77 5.99,28.39 17.98,37.85 11.98,9.46 28.86,14.2 50.62,14.2 20.82,0 38.4,-4.73 52.76,-14.2 14.35,-9.46 25,-23.18 31.93,-41.16l6.63 16.09c-6.63,17.98 -17.9,32.25 -33.83,42.82 -15.93,10.57 -36.19,15.85 -60.8,15.85z"/>
  </g>
  <g id="_1272464615696">
   <path class="fil1" d="M1249 3644.46c-16.86,-108.91 -119.37,-201.23 -262.45,-332.7 -164.52,-151.19 -200.72,-304.54 -160.68,-409.31 -94.72,-60.51 -156.68,-205.83 -113.19,-425.72 37.7,-190.61 65.84,-325.68 15.07,-423.49 -3.23,-1.08 -2.5,-3.27 0.73,-2.19 99.34,-47.72 157.95,-172.61 242.26,-347.68 97.49,-202.39 234.71,-281.3 346.93,-272.38l0.11 -0.05c27.62,-108.85 145.84,-213.37 367.88,-241.68 192.75,-24.57 329.77,-40.63 406.48,-119.76 0,-3.41 2.31,-3.41 2.31,0 76.71,79.12 213.73,95.19 406.48,119.76 221.99,28.3 340.2,132.79 367.86,241.61 111.89,-7.94 248.16,71.19 345.13,272.5 84.31,175.06 142.93,299.95 242.26,347.68 3.24,-1.08 3.96,1.11 0.73,2.19 -50.78,97.81 -22.64,232.88 15.07,423.49 43.59,220.39 -18.75,365.88 -113.84,426.14l-0.11 0.21c39.65,104.76 3.28,257.8 -160.92,408.69 -143.07,131.47 -245.59,223.79 -262.45,332.7 1.97,2.78 0.09,4.12 -1.89,1.34 -108.34,-20.22 -229.43,45.88 -400.91,137.26 -197.65,105.32 -354.61,88.3 -440.04,15.34 -85.43,72.95 -242.39,89.98 -440.04,-15.34 -171.48,-91.38 -292.57,-157.48 -400.91,-137.26 -1.98,2.78 -3.86,1.44 -1.89,-1.34zm-313.25 -293.68c149.65,137.52 256.87,234.07 274.51,347.99 -2.07,2.91 -0.09,4.31 1.98,1.4 113.31,-21.15 239.96,47.99 419.32,143.57 206.74,110.16 370.9,92.34 460.26,16.04 89.36,76.3 253.52,94.11 460.26,-16.05 179.36,-95.57 306.01,-164.72 419.33,-143.57 2.07,2.91 4.04,1.51 1.98,-1.4 17.63,-113.91 124.86,-210.48 274.5,-347.99 171.74,-157.82 209.79,-317.89 168.31,-427.46l0.12 -0.22c99.46,-63.03 164.66,-215.2 119.07,-445.72 -39.44,-199.37 -68.87,-340.63 -15.76,-442.94 3.38,-1.13 2.62,-3.43 -0.77,-2.3 -103.9,-49.91 -165.2,-180.54 -253.39,-363.64 -101.42,-210.57 -243.95,-293.33 -360.98,-285.02 -28.93,-113.83 -152.57,-223.11 -384.76,-252.71 -201.6,-25.7 -344.92,-42.5 -425.16,-125.26 0,-3.57 -2.42,-3.57 -2.42,0 -80.24,82.76 -223.56,99.56 -425.16,125.26 -232.24,29.61 -355.89,138.93 -384.78,252.78l-0.12 0.05c-117.38,-9.33 -260.9,73.2 -362.87,284.9 -88.19,183.1 -149.49,313.73 -253.4,363.64 -3.39,-1.13 -4.15,1.17 -0.76,2.3 53.11,102.31 23.68,243.57 -15.76,442.94 -45.49,229.98 19.31,381.99 118.39,445.28 -41.88,109.58 -4.02,269.98 168.06,428.12z"/>
   <path class="fil1" d="M2023.75 3506.93c-83,-15.24 -167.9,7.51 -183.78,100.94 -7.25,42.73 3.35,79.35 44,103.53 59.82,35.57 101.72,40.33 170.83,44 60.13,3.21 100.2,-1.33 155.3,-28.47 35.43,-17.45 82.1,-74.07 106.12,-106.12 17.38,-23.17 27,-33.29 49.18,0 0,-32 -12.52,-49.62 -49.18,-49.18 -17.09,0.21 -43.17,12.49 -54.35,25.88 -49.29,59.02 -65.8,84.23 -142.36,106.12 -55.3,6.91 -137.72,4.98 -188.95,-15.54 -35.18,-17.59 -43.14,-33.2 -28.47,-69.88 53.05,-106.03 207.15,-2.6 323.54,-15.53 15.93,-3.99 22.32,-6.25 36.24,-15.54 62.65,-31.31 48.67,-226.62 46.59,-264l-28.48 5.19c1.07,30.86 27.46,139.45 -23.3,134.58 -21.64,-2.08 -26.74,-40.13 -18.12,-59.52 3.45,-7.77 6.91,-15.53 10.35,-23.3 15.74,-35.41 -5.26,-62.12 -51.76,-62.12 -24.16,6.03 -17.27,5.6 -36.24,20.7l0 -25.88c-9.38,-56.29 -47.08,-71.39 -98.36,-72.47 -28.48,-0.6 -48.2,10.31 -56.94,41.41 -14.37,51.09 -2.59,145.35 -2.59,201.89 61.61,0 33.92,-120.56 36.24,-170.83 0.71,-15.39 6.8,-32.85 25.89,-33.64 22.37,-0.93 33.65,7.38 33.65,36.24 0,57.8 0,115.61 0,173.41l62.12 -5.17 0 -139.77 18.12 -7.77c0,38.66 -10.47,77.99 -2.59,116.48 6.1,29.81 22.84,42.97 54.35,49.17 20.74,4.08 25.99,-4.35 44,-10.35 0,37.88 -17.89,68.64 -54.35,75.06 -25.78,4.54 -144.39,-49.93 -196.71,-59.54z"/>
   <path class="fil1" d="M2393.87 3460.34c0,18.12 18.12,36.24 38.83,36.24 18.12,0 36.24,-18.11 36.24,-36.24 0,-20.7 -18.12,-38.82 -36.24,-38.82 -20.7,0 -38.83,18.12 -38.83,38.82z"/>
   <path class="fil1" d="M1997.87 3426.69l-2.59 -106.12 -59.53 2.59 0 129.42c0,35.96 -49.18,16.77 -49.18,-18.12 0,-36.24 0,-72.48 0,-108.71l-67.3 0 0 95.77c0,48.19 32.85,80.23 90.59,80.23l10.35 0c45.27,-11.31 67.98,-26.69 77.65,-75.06z"/>
   <path class="fil1" d="M1790.8 3460.34c0,-20.7 -18.12,-38.82 -36.24,-38.82 -20.7,0 -38.83,18.12 -38.83,38.82 0,18.12 18.12,36.24 38.83,36.24 18.12,0 36.24,-18.11 36.24,-36.24z"/>
   <polygon class="fil1" points="1463.38,3338.69 1481.5,3317.99 1486.67,3307.63 1491.85,3299.87 1494.44,3294.69 1497.03,3289.52 1497.03,3276.57 1497.03,3271.4 1497.03,3263.63 1491.85,3250.69 1481.5,3235.16 1473.73,3227.4 1463.38,3219.63 1447.85,3209.28 1440.09,3204.1 1432.32,3201.51 1419.38,3198.93 1406.44,3198.93 1398.67,3201.51 1393.5,3201.51 1380.56,3209.28 1367.61,3222.22 1349.5,3245.52 1284.79,3320.57 1313.26,3343.87 1380.56,3263.63 1393.5,3250.69 1403.85,3240.34 1411.61,3235.16 1421.97,3235.16 1427.15,3235.16 1432.32,3237.75 1445.26,3245.52 1453.03,3255.87 1458.2,3261.04 1458.2,3266.22 1460.79,3271.4 1458.2,3276.57 1455.62,3286.93 1437.5,3312.81 1370.2,3390.46 1398.67,3416.35 "/>
   <polygon class="fil1" points="1225.26,3255.87 1372.79,3139.4 1349.5,3110.92 1253.73,3188.57 1302.91,3053.98 1277.02,3022.92 1132.08,3141.98 1152.78,3170.46 1251.14,3092.81 1201.96,3227.4 "/>
   <path class="fil1" d="M1264.07 2756.33c75.98,182.32 147.66,240.15 300.24,354.59 156.05,97.52 347.33,104.26 525.43,113.89l2.59 -0.15 2.59 0.15c178.1,-9.62 369.38,-16.36 525.43,-113.89 152.58,-114.45 224.27,-172.28 300.24,-354.59 -73.65,44.19 -111.51,58.78 -196.71,67.29l5.17 -12.94c101.88,-101.81 212.24,-30 212.24,-269.19l0 -33.65 -7.76 15.53 -5.18 15.53 -7.76 15.53c-39.81,66.34 -140.61,72.55 -207.06,124.24l0 -7.76 0 -7.77 0 -5.18 2.59 -7.77 5.18 -10.35 7.76 -10.35 5.18 -5.18c138.54,-92.37 236.82,-111.83 183.77,-341.66l-10.35 -33.65 -10.35 38.82 -7.77 15.53c-30.04,90.15 -155.6,154.63 -235.54,196.71l2.59 -12.94 5.17 -10.35c27.19,-81.63 399.44,-222.11 93.18,-494.37 74.06,246.8 -76.18,263.29 -214.83,429.66 -38.56,-115.66 254.15,-137.93 170.83,-429.66 -70.65,-164.79 -189.58,-219.45 -354.59,-266.59l-56.95 -15.54 38.83 18.12 36.24 18.11c90.15,60.11 160.48,177.2 160.48,287.3l0 12.94 -2.59 28.48 0 15.53c-29.12,145.35 -133.57,158 -191.54,302.83l-2.59 28.47 0 15.53c9.51,47.58 37.77,68.13 88,82.82 79.43,23.24 -2.92,96.76 -12.94,126.83l-2.59 7.77 0 10.35 2.59 10.35 5.18 12.94c34.46,68.94 157.89,180.16 157.89,253.65l-2.59 12.94 -2.59 12.94c-27.04,162.29 -354.98,189.77 -478.84,199.3 -123.86,-9.52 -451.8,-37 -478.84,-199.3l-2.59 -12.94 -2.59 -12.94c0,-73.5 123.43,-184.71 157.88,-253.65l5.18 -12.94 2.59 -10.35 0 -10.35 -2.59 -7.77c-9.04,-27.14 -97.33,-101.46 -12.94,-126.83 50.12,-15.07 78.49,-35.24 88,-82.82l0 -15.53 -2.59 -28.47c-57.97,-144.84 -162.42,-157.49 -191.54,-302.83l0 -15.53 -2.59 -28.48 0 -12.94c0,-110.1 70.32,-227.19 160.47,-287.3l36.24 -18.11 38.83 -18.12 -56.94 15.54c-165.01,47.14 -283.94,101.81 -354.6,266.59 -83.32,291.72 209.39,314 170.83,429.66 -138.65,-166.37 -288.89,-182.86 -214.83,-429.66 -306.26,272.26 65.98,412.74 93.17,494.37l5.18 10.35 2.59 12.94c-79.94,-42.07 -205.49,-106.56 -235.54,-196.71l-7.77 -15.53 -10.35 -38.82 -10.35 33.65c-53.06,229.82 45.22,249.29 183.76,341.66l5.18 5.18 7.76 10.35 5.18 10.35 2.59 7.77 0 5.18 0 7.77 0 7.76c-66.46,-51.69 -167.25,-57.9 -207.07,-124.24l-7.76 -15.53 -5.18 -15.53 -7.76 -15.53 0 33.65c0,239.19 110.36,167.37 212.24,269.19l5.17 12.94c-85.2,-8.52 -123.06,-23.11 -196.71,-67.29z"/>
   <path class="fil1" d="M2077.05 2789.98c-41.04,0 -47.67,60.01 -10.35,88l0 196.71 18.12 0 0 -196.71c38.1,-25.51 32.36,-88 -7.77,-88z"/>
   <path class="fil1" d="M2069.79 3097.98c-75.37,-150.69 -141.65,-184.96 -305.42,-212.24 -51.68,0 -57.28,78.86 -10.35,90.59 123.54,35.32 207.68,40.6 315.78,121.65z"/>
   <path class="fil1" d="M1795.43 2875.39c39.14,9.24 109.97,28.79 150.13,38.83 -27.48,-68.7 -77.87,-117.73 -155.3,-98.35 -25,16.67 -20.66,53.43 5.18,59.53z"/>
   <path class="fil1" d="M1826.49 2787.38c5.35,3.57 81.69,29.84 95.77,36.24 0,-56.57 -64.6,-103.69 -98.36,-69.88 -10.28,10.3 -5.49,22.89 2.59,33.64z"/>
   <path class="fil1" d="M1993.98 3069.51c-77.18,-27.63 -158.33,-36.15 -232.95,-69.89 -66.31,-29.98 -45.98,-60.36 -25.88,-111.3 25.78,-65.32 99.21,-159.73 134.59,-230.36 30.12,-60.13 33.52,-89.83 10.35,-155.3 -1.82,-5.13 -13.44,-10.2 -15.53,-5.18 -4.31,10.35 -2.93,26.01 -12.94,31.06 -11.91,6.02 -33.62,-4.37 -51.76,0 -80.53,19.42 14.06,73.22 25.88,108.7 7.83,15.66 -147.75,225.59 -168.24,258.83 -19.6,31.78 -17.56,66.09 7.77,95.77 66.81,78.29 293.13,145.78 427.07,147.5 133.94,-1.72 360.25,-69.2 427.07,-147.5 25.32,-29.68 27.36,-63.98 7.77,-95.77 -20.5,-33.25 -176.08,-243.17 -168.24,-258.83 11.83,-35.48 106.41,-89.29 25.88,-108.7 -18.15,-4.37 -39.85,6.02 -51.77,0 -10.01,-5.05 -8.63,-20.71 -12.94,-31.06 -2.09,-5.02 -13.71,0.05 -15.53,5.18 -23.16,65.46 -19.76,95.17 10.35,155.3 35.39,70.63 108.81,165.04 134.59,230.36 20.1,50.94 40.43,81.32 -25.88,111.3 -74.63,33.74 -155.78,42.26 -232.95,69.89 -36.96,13.23 -64.27,32.83 -98.35,51.76 -34.08,-18.94 -61.39,-38.54 -98.35,-51.76z"/>
   <path class="fil1" d="M2384.55 2885.74c-163.76,27.28 -230.05,61.55 -305.42,212.24 108.1,-81.06 192.24,-86.33 315.78,-121.65 46.93,-11.72 41.32,-90.59 -10.36,-90.59z"/>
   <path class="fil1" d="M2203.37 2914.21c40.15,-10.04 110.98,-29.58 150.12,-38.83 25.84,-6.1 30.18,-42.86 5.18,-59.53 -77.44,-19.37 -127.83,29.65 -155.3,98.35z"/>
   <path class="fil1" d="M2226.66 2823.62c14.08,-6.39 90.43,-32.67 95.77,-36.24 8.07,-10.75 12.87,-23.34 2.59,-33.64 -33.76,-33.81 -98.36,13.3 -98.36,69.88z"/>
   <path class="fil1" d="M2201.28 2730.44c12.94,12.94 43.09,31.74 56.94,10.36 7.39,-11.4 -1.76,-33.65 -23.29,-33.65l-10.36 0 0 -194.13 -147.53 -7.76 -139.77 7.76 0 194.13 -7.77 0c-24.85,0 -39.49,21.92 -23.3,38.83 14.21,14.83 43.61,0.52 55.65,-15.54l239.42 0zm-7.76 -31.06l-223.12 0 -2.07 -10.35 0 -155.31 108.71 0 116.47 0 0 155.31 0 10.35z"/>
   <polygon class="fil1" points="2108.1,1772.77 2144.34,1783.12 2089.99,1627.83 2077.05,1526.88 2066.69,1625.23 "/>
   <polygon class="fil1" points="2144.34,1793.48 2097.76,1785.71 2071.87,1710.65 2066.69,1731.35 2084.81,1840.07 2154.69,1834.89 "/>
   <polygon class="fil1" points="2066.69,1842.65 2045.98,1777.95 2061.52,1648.53 2009.75,1832.3 "/>
   <polygon class="fil1" points="2077.05,1850.41 2043.39,1853.01 2035.64,1876.3 2020.1,1853.01 1991.63,1847.83 1978.69,1889.24 2027.87,1935.83 1960.57,2362.9 1976.1,2399.14 2035.64,2362.9 2074.46,2360.31 2128.81,2362.9 2188.34,2399.14 2203.87,2362.9 2133.98,1935.83 2183.16,1889.24 2170.22,1847.83 2144.34,1853.01 2128.81,1876.3 2118.46,1853.01 "/>
   <polygon class="fil1" points="2188.34,2422.43 2113.28,2378.43 2079.63,2381.02 2048.58,2378.43 1976.1,2422.43 1913.98,2365.49 1885.52,2391.37 1898.46,2484.55 2077.05,2484.55 2265.99,2484.55 2276.35,2391.37 2247.88,2365.49 "/>
   <polygon class="fil1" points="1253.73,2981.51 1235.61,2950.44 1072.54,3046.22 1093.25,3079.87 "/>
   <polygon class="fil1" points="1046.66,2999.63 1196.78,2870.21 1181.26,2833.97 979.37,2841.74 994.9,2877.98 1142.43,2870.21 1031.13,2963.39 "/>
   <polygon class="fil1" points="963.83,2779.62 1147.61,2740.8 1116.55,2603.62 1085.49,2608.79 1108.78,2712.32 1057.02,2722.68 1038.9,2632.09 1007.84,2637.26 1025.95,2727.85 987.13,2738.2 966.43,2639.85 932.78,2645.03 "/>
   <path class="fil1" d="M925.01 2564.79l188.94 -2.59 0 -38.82 -80.24 2.59 0 -7.76 0 -12.94 2.59 -7.77 2.59 -5.17 5.18 -5.18 10.35 -7.76 15.53 -12.94 41.41 -28.48 0 -44 -36.24 23.3 -18.12 12.94 -12.94 7.76 -7.77 10.35 -7.76 10.35 -2.59 -10.35 -2.59 -10.35 -5.17 -7.76 -7.77 -7.76 -7.76 -5.18 -2.59 0 -5.17 -2.59 -10.35 -2.59 -7.76 0 -18.12 2.59 -5.18 2.59 -7.77 2.59 -5.17 5.17 -5.18 5.18 -5.18 5.18 -2.59 7.77 -2.59 18.11 0 25.88 0 77.65zm80.24 -38.83l-49.18 0 0 -28.47 0 -28.47 2.59 -7.77 5.17 -5.17 2.59 -2.59 2.59 -2.59 10.35 0 7.76 0 5.18 2.59 5.17 5.17 2.59 5.18 2.59 12.94 2.59 20.7 0 28.47z"/>
   <polygon class="fil1" points="1082.9,2357.72 1095.84,2352.55 1106.19,2347.37 1113.96,2337.02 1121.72,2326.67 1129.49,2313.72 1132.08,2295.61 1134.67,2285.25 1134.67,2274.9 1134.67,2264.55 1134.67,2254.19 1132.08,2246.43 1126.9,2238.67 1124.31,2233.48 1119.14,2225.72 1106.19,2217.96 1098.43,2215.37 1090.67,2212.78 1082.9,2210.19 1075.13,2210.19 1067.37,2212.78 1059.6,2212.78 1054.43,2217.96 1046.66,2220.54 1041.49,2225.72 1036.31,2230.9 1031.13,2236.07 1028.55,2246.43 1015.61,2267.13 1005.25,2287.84 1002.67,2295.61 997.48,2300.78 992.31,2303.37 984.54,2303.37 979.37,2300.78 974.19,2295.61 974.19,2290.43 971.6,2282.67 971.6,2274.9 974.19,2267.13 976.78,2254.19 979.37,2249.02 984.54,2246.43 989.72,2243.84 994.9,2241.25 1000.07,2241.25 1007.84,2238.67 1013.01,2202.43 1000.07,2202.43 987.13,2202.43 976.78,2207.6 971.6,2210.19 966.43,2212.78 958.66,2220.54 950.89,2230.9 948.31,2238.67 945.72,2246.43 940.54,2261.96 937.95,2280.07 937.95,2290.43 940.54,2298.19 943.13,2305.96 945.72,2313.72 950.89,2318.9 953.48,2324.07 966.43,2334.43 971.6,2337.02 979.37,2337.02 984.54,2339.61 989.72,2339.61 1000.07,2337.02 1010.43,2334.43 1020.78,2329.26 1025.95,2321.49 1033.72,2313.72 1038.9,2303.37 1046.66,2290.43 1059.6,2264.55 1064.78,2256.78 1067.37,2254.19 1069.96,2251.61 1075.13,2249.02 1082.9,2249.02 1088.07,2251.61 1090.67,2254.19 1095.84,2256.78 1098.43,2261.96 1101.02,2267.13 1101.02,2274.9 1101.02,2282.67 1101.02,2290.43 1098.43,2298.19 1095.84,2305.96 1090.67,2311.13 1085.49,2316.31 1080.31,2318.9 1075.13,2321.49 1067.37,2324.07 1057.02,2324.07 1054.43,2360.31 1069.96,2360.31 "/>
   <polygon class="fil1" points="976.78,2129.95 1155.37,2186.89 1168.31,2150.66 989.72,2093.72 "/>
   <path class="fil1" d="M1129.49 1816.77l111.3 168.24 23.29 -33.64 -25.88 -36.24 44 -62.12 44 12.94 25.89 -31.06 -196.71 -51.77 -25.89 33.65zm90.59 69.88l-41.41 -62.12 72.47 20.71 -31.06 41.41z"/>
   <polygon class="fil1" points="1214.91,2039.37 1072.54,1974.65 1095.84,1925.48 1067.37,1909.94 1005.25,2044.54 1033.72,2057.48 1057.02,2008.3 1199.37,2073.01 "/>
   <polygon class="fil1" points="1362.44,1793.48 1375.38,1793.48 1385.73,1790.89 1393.5,1790.89 1398.67,1785.71 1411.61,1777.95 1419.38,1775.35 1424.56,1767.59 1434.91,1759.82 1440.09,1752.07 1450.44,1736.53 1453.03,1728.77 1455.62,1721 1455.62,1710.65 1455.62,1702.89 1453.03,1695.12 1450.44,1687.35 1445.26,1682.18 1440.09,1674.41 1434.91,1669.24 1429.74,1664.06 1416.79,1658.88 1401.26,1656.3 1388.32,1658.88 1370.2,1666.65 1349.5,1677 1328.79,1687.35 1321.02,1689.94 1313.26,1692.53 1310.67,1692.53 1308.08,1689.94 1305.5,1689.94 1302.91,1687.35 1300.31,1682.18 1297.73,1674.41 1300.31,1669.24 1302.91,1664.06 1313.26,1653.71 1318.44,1648.53 1323.61,1643.35 1331.38,1640.77 1336.55,1640.77 1346.91,1643.35 1352.09,1645.94 1357.26,1648.53 1385.73,1622.65 1375.38,1614.89 1370.2,1612.29 1365.03,1609.7 1352.09,1604.53 1346.91,1604.53 1341.73,1604.53 1328.79,1604.53 1315.85,1609.7 1302.91,1617.47 1297.73,1622.65 1292.56,1627.83 1277.02,1643.35 1271.85,1651.12 1269.26,1658.88 1266.67,1666.65 1264.08,1671.82 1264.08,1679.59 1264.08,1687.35 1269.26,1700.29 1271.85,1708.06 1277.02,1713.24 1284.79,1721 1295.14,1726.19 1305.5,1728.77 1315.85,1728.77 1323.61,1728.77 1333.96,1726.19 1346.91,1721 1359.85,1713.24 1385.73,1700.29 1396.09,1695.12 1401.26,1695.12 1406.44,1697.7 1411.61,1700.29 1414.2,1705.47 1416.79,1710.65 1416.79,1715.83 1416.79,1721 1416.79,1726.19 1414.2,1733.94 1409.03,1739.13 1406.44,1741.71 1403.85,1744.3 1396.09,1749.47 1390.91,1754.65 1383.14,1757.24 1377.97,1757.24 1370.2,1757.24 1362.44,1754.65 1354.67,1752.07 1349.5,1746.88 1323.61,1775.35 1331.38,1777.95 1336.55,1783.12 1349.5,1788.3 "/>
   <polygon class="fil1" points="1486.67,1480.29 1574.68,1645.94 1608.33,1630.41 1551.38,1521.7 1673.04,1594.18 1706.69,1576.06 1618.68,1410.41 1587.62,1428.53 1644.56,1537.23 1520.32,1462.17 "/>
   <polygon class="fil1" points="1701.5,1381.94 1755.86,1560.52 1893.04,1519.11 1882.69,1488.06 1781.74,1519.11 1768.8,1469.94 1856.81,1444.06 1849.04,1413 1758.45,1441.47 1745.51,1400.05 1841.28,1371.58 1833.51,1340.52 "/>
   <polygon class="fil1" points="1952.57,1485.46 1960.33,1493.23 1970.69,1501 1983.63,1503.59 1996.57,1508.76 2009.52,1508.76 2022.46,1508.76 2045.75,1506.17 2069.05,1495.82 2079.4,1490.65 2087.16,1485.46 2094.93,1480.29 2102.7,1475.11 2097.52,1400.05 2014.69,1405.23 2017.28,1436.29 2061.28,1433.7 2061.28,1457 2053.52,1464.76 2043.17,1469.94 2030.22,1475.11 2019.87,1477.7 2006.93,1475.11 1996.57,1475.11 1986.22,1469.94 1978.46,1462.17 1970.69,1454.41 1965.52,1444.06 1965.52,1436.29 1962.92,1428.53 1960.33,1413 1960.33,1400.05 1962.92,1387.11 1962.92,1381.94 1965.52,1376.76 1968.1,1371.58 1973.28,1366.41 1978.46,1358.64 1983.63,1356.06 1988.8,1353.46 1993.99,1350.88 1999.16,1350.88 2004.34,1348.28 2012.1,1348.28 2019.87,1348.28 2025.04,1348.28 2032.81,1350.88 2037.98,1353.46 2043.17,1358.64 2048.34,1363.82 2056.11,1374.17 2092.34,1366.41 2087.16,1353.46 2081.99,1343.11 2074.22,1335.34 2063.87,1327.58 2058.69,1324.99 2053.52,1322.4 2045.75,1319.81 2040.58,1317.23 2025.04,1314.64 2009.52,1317.23 1996.57,1317.23 1983.63,1319.81 1973.28,1324.99 1965.52,1327.58 1952.57,1335.34 1944.81,1345.7 1937.04,1353.46 1931.87,1366.41 1926.69,1376.76 1924.1,1389.7 1921.51,1405.23 1921.51,1418.17 1924.1,1431.11 1926.69,1444.06 1931.87,1457 1937.04,1467.35 1942.22,1477.7 "/>
   <polygon class="fil1" points="2177.76,1317.23 2151.87,1503.59 2294.23,1521.7 2296.81,1490.65 2193.29,1477.7 2201.04,1425.94 2294.23,1438.88 2299.4,1407.82 2206.23,1394.88 2211.4,1353.46 2312.34,1366.41 2314.93,1335.34 "/>
   <path class="fil1" d="M2434 1501l7.77 20.7 10.35 49.18 44 12.94 -10.35 -41.41 -5.17 -20.71 -5.18 -15.53 -5.17 -10.35 -7.77 -10.35 10.35 2.59 10.35 -2.59 10.35 0 7.76 -5.17 7.76 -5.18 5.18 -5.17 5.18 -7.77 5.18 -10.35 2.59 -7.77 0 -7.77 0 -7.76 0 -7.77 -2.59 -7.76 -2.59 -5.18 -5.17 -5.17 -5.18 -5.18 -15.53 -10.36 -23.3 -7.76 -75.06 -25.89 -62.12 176 36.24 12.94 25.89 -75.06 7.77 2.59 10.35 5.17 5.17 2.59 5.17 5.17 5.18 7.77 2.59 10.35zm0 -51.77l-25.88 -7.76 15.53 -46.59 25.88 10.35 25.88 7.76 5.18 2.59 2.59 2.59 2.59 2.59 2.59 5.18 0 7.76 -2.59 7.77 -2.59 7.76 -5.17 5.18 -5.18 2.59 -7.77 0 -10.35 0 -20.71 -7.77z"/>
   <polygon class="fil1" points="2599.65,1431.11 2516.82,1599.35 2550.47,1617.47 2633.3,1449.23 "/>
   <polygon class="fil1" points="2757.54,1519.11 2742.01,1648.53 2692.83,1708.06 2721.3,1731.35 2773.06,1671.82 2894.72,1630.41 2861.07,1601.94 2778.24,1633 2793.77,1547.58 "/>
   <path class="fil1" d="M2938.72 1708.06l-15.53 0 -15.53 2.59 -10.35 2.59 -10.35 5.17 -10.35 7.77 -10.35 7.76 -10.35 7.77 -5.18 5.17 -12.94 15.53 -5.18 7.76 -2.59 10.36 -2.59 7.77 -2.59 7.76 0 18.12 2.59 7.76 2.59 7.77 2.59 10.35 2.59 7.76 5.17 7.77 5.18 5.17 2.59 2.59 12.94 15.53 7.77 5.17 7.76 5.18 7.77 2.59 7.77 2.59 7.76 2.59 10.35 2.59 7.77 0 7.76 -2.59 10.35 0 7.77 -2.59 10.35 -5.17 7.76 -5.18 18.12 -10.35 7.76 -7.76 7.77 -7.77 7.76 -7.77 5.18 -7.76 5.17 -7.77 2.59 -7.76 5.18 -18.12 0 -18.11 -2.59 -7.77 -2.59 -7.76 -2.59 -10.35 -5.17 -7.77 -2.59 -7.76 -7.76 -7.76 -7.77 -7.77 -7.76 -7.76 -7.76 -5.19 -7.76 -5.17 -12.94 -5.18 -15.53 -2.59zm18.12 41.41l7.76 5.18 7.77 7.76 7.76 10.35 2.59 7.77 2.59 10.35 0 10.35 -2.59 10.35 -7.76 10.35 -7.76 10.35 -10.35 10.35 -7.77 5.17 -5.17 2.59 -12.94 7.77 -10.35 2.59 -10.35 0 -10.35 0 -10.35 -5.17 -7.76 -5.18 -7.77 -7.76 -7.76 -7.77 -2.59 -10.35 -2.59 -10.35 2.59 -10.35 2.59 -10.35 5.18 -10.36 7.76 -10.35 10.35 -10.35 7.77 -5.18 5.17 -2.59 12.94 -7.77 10.35 -2.59 10.35 0 10.35 0 10.35 5.18z"/>
   <polygon class="fil1" points="3075.89,1909.94 3065.54,1907.36 3052.6,1907.36 3037.07,1909.94 3024.13,1912.54 3011.19,1920.3 3000.83,1925.48 2990.48,1933.24 2980.13,1941.01 2972.37,1951.37 2964.6,1961.71 2959.42,1972.07 2956.83,1982.42 2954.25,1995.36 2954.25,2008.3 2956.83,2021.24 2959.42,2034.19 2964.6,2047.13 2977.54,2065.25 2985.31,2075.6 2993.07,2083.36 3011.19,2096.31 3018.96,2101.48 3026.72,2106.66 3094.02,2073.01 3060.37,2000.54 3031.9,2013.48 3050.01,2052.31 3026.72,2062.66 3018.96,2057.48 3008.6,2049.72 3000.83,2039.37 2993.07,2031.6 2990.48,2018.66 2987.89,2008.3 2987.89,1997.95 2993.07,1987.59 2998.25,1977.25 3006.01,1969.48 3016.37,1961.71 3029.31,1953.95 3044.84,1948.77 3050.01,1946.19 3055.19,1943.59 3068.13,1943.59 3078.49,1946.19 3088.84,1951.37 3096.6,1956.54 3104.37,1964.31 3109.54,1974.65 3114.72,1982.42 3114.72,1990.19 3114.72,2003.13 3114.72,2008.3 3112.13,2016.07 3106.96,2021.24 3101.78,2026.43 3125.07,2057.48 3130.25,2052.31 3135.43,2047.13 3143.19,2039.37 3148.37,2029.01 3150.96,2016.07 3150.96,2010.89 3150.96,2003.13 3150.96,1990.19 3145.78,1977.25 3140.6,1961.71 3132.84,1948.77 3127.66,1938.43 3119.9,1930.65 3112.13,1925.48 3101.78,1917.71 3088.84,1912.54 "/>
   <polygon class="fil1" points="3109.54,2186.89 3031.9,2207.6 3042.25,2243.84 3119.9,2223.13 3241.55,2261.96 3231.2,2217.96 3148.37,2197.25 3207.9,2135.13 3197.55,2093.72 "/>
   <path class="fil1" d="M3254.49 2360.31l-194.13 -54.35 2.59 38.82 44 12.94 7.76 72.47 -41.41 20.7 2.59 38.83 181.19 -88 -2.59 -41.42zm-111.3 56.94l-2.59 -51.76 69.89 18.11 -67.3 33.65z"/>
   <polygon class="fil1" points="3259.67,2546.67 3070.72,2523.38 3065.54,2559.61 3122.49,2567.38 3150.96,2601.02 3057.78,2639.85 3050.01,2689.03 3174.25,2629.5 3238.96,2707.15 3244.14,2657.97 3174.25,2572.56 3254.49,2582.91 "/>
   <path class="fil1" d="M3205.31 2831.39l-155.3 -129.41 -12.94 38.82 36.24 28.47 -25.88 69.89 -44 2.59 -15.53 36.24 204.48 -7.76 12.94 -38.83zm-124.24 7.77l18.12 -49.18 56.94 46.59 -75.06 2.59z"/>
   <path class="fil1" d="M3135.43 3004.8l-163.06 -98.35 -18.12 33.65 67.3 41.41 -5.18 5.18 -5.18 10.35 -5.18 5.18 -5.18 2.59c-24.74,8.25 -64.3,6.38 -90.59,7.76l-23.3 38.82c43.78,0 64.42,2.72 103.53,-12.94l-2.59 10.35c-12.08,48.35 38.15,84.99 80.24,56.94l5.17 -5.18 5.18 -7.76 15.53 -20.71 41.41 -67.3zm-113.89 33.65l10.35 -18.11 15.53 -25.89 41.41 25.89 -15.53 25.88 -18.11 25.88c-8.95,12.79 -30,2.15 -36.24,-10.35l-2.59 -5.17 0 -7.77 5.18 -10.35z"/>
   <polygon class="fil1" points="2954.25,3209.28 2837.77,3103.16 2814.48,3131.63 2930.95,3237.75 2892.13,3276.57 2915.42,3299.87 3016.37,3188.57 2993.07,3167.87 "/>
   <path class="fil1" d="M2837.77 3369.76l-62.12 -191.54 -31.06 25.88 15.53 41.41 -59.53 49.18 -38.82 -23.3 -31.06 23.3 176 100.94 31.06 -25.88zm-67.3 -90.59l23.3 69.88 -62.12 -38.82 38.82 -31.06z"/>
  </g>
 </g>
</svg>
